# Test 1
self.g_optimizer = tf.keras.optimizers.Adam(0)
total_G_loss = G_loss

### 100 epochs
```
Train/Val
{
  'accuracy': [0.53, 0.56, 0.57, 0.59, 0.61, 0.61, 0.62, 0.62, 0.62, 0.63, 0.63, 0.63, 0.64, 0.64, 0.64, 0.64, 0.64, 0.65, 0.65, 0.65, 0.66, 0.66, 0.66, 0.66, 0.67, 0.67, 0.67, 0.67, 0.67, 0.68, 0.68, 0.68, 0.68, 0.68, 0.68, 0.69, 0.69, 0.69, 0.69, 0.69, 0.69, 0.70, 0.70, 0.70, 0.70, 0.70, 0.70, 0.70, 0.71, 0.71, 0.71, 0.71, 0.71, 0.71, 0.71, 0.71, 0.72, 0.72, 0.72, 0.72, 0.72, 0.72, 0.72, 0.72, 0.72, 0.72, 0.73, 0.73, 0.73, 0.73, 0.73, 0.73, 0.73, 0.73, 0.73, 0.73, 0.73, 0.74, 0.74, 0.74, 0.74, 0.74, 0.74, 0.74, 0.74, 0.74, 0.74, 0.74, 0.74, 0.74, 0.74, 0.75, 0.75, 0.75, 0.75, 0.7523196339607239, 0.7529346346855164, 0.753566563129425, 0.7540048360824585, 0.7544939517974854],
  'discriminator_loss': [0.5025680065155029, 0.5024147629737854, 0.5004857182502747, 0.5038990378379822, 0.5084104537963867, 0.5087089538574219, 0.5086478590965271, 0.5088053941726685, 0.5101637244224548, 0.5085251927375793, 0.505227267742157, 0.5050696730613708, 0.5050650238990784, 0.5052623748779297, 0.5052228569984436, 0.5048970580101013, 0.5047054886817932, 0.5047155618667603, 0.5047271847724915, 0.5047271847724915, 0.5047271847724915, 0.5047271847724915, 0.5047271847724915, 0.5047271847724915, 0.5047271847724915, 0.5047271847724915, 0.5047271847724915, 0.5047271847724915, 0.5047271847724915, 0.5047271847724915, 0.5047271847724915, 0.5047271847724915, 0.5047271847724915, 0.5047271847724915, 0.5047271847724915, 0.5047271847724915, 0.5047271847724915, 0.5047271847724915, 0.5047271847724915, 0.5047271847724915, 0.5047271847724915, 0.5047271847724915, 0.5047271847724915, 0.5047271847724915, 0.5047271847724915, 0.5047271847724915, 0.5047271847724915, 0.5047271847724915, 0.5047271847724915, 0.5047271847724915, 0.5047271847724915, 0.5047271847724915, 0.5047271847724915, 0.5047271847724915, 0.5047271847724915, 0.5047271847724915, 0.5047271847724915, 0.5047271847724915, 0.5047271847724915, 0.5047271847724915, 0.5047271847724915, 0.5047271847724915, 0.5047271847724915, 0.5047271847724915, 0.5047271847724915, 0.5047271847724915, 0.5047271847724915, 0.5047271847724915, 0.5047271847724915, 0.5047271847724915, 0.5047271847724915, 0.5047271847724915, 0.5047271847724915, 0.5047271847724915, 0.5047271847724915, 0.5047271847724915, 0.5047271847724915, 0.5047271847724915, 0.5047271847724915, 0.5047271847724915, 0.5047271847724915, 0.5047271847724915, 0.5047271847724915, 0.5047271847724915, 0.5047271847724915, 0.5047271847724915, 0.5047271847724915, 0.5047271847724915, 0.5047271847724915, 0.5047271847724915, 0.5047271847724915, 0.5047271847724915, 0.5047271847724915, 0.5047271847724915, 0.5047271847724915, 0.5047271847724915, 0.5047271847724915, 0.5047271847724915, 0.5047271847724915, 0.5047271847724915],
  'classifier_loss': [1.74996817111969, 1.6151893138885498, 1.6597566604614258, 1.6510860919952393, 1.6304435729980469, 1.6093040704727173, 1.5904512405395508, 1.574313759803772, 1.5603725910186768, 1.5478211641311646, 1.5360150337219238, 1.5245962142944336, 1.5133527517318726, 1.5021884441375732, 1.4910731315612793, 1.4800162315368652, 1.4690394401550293, 1.4582009315490723, 1.447573184967041, 1.437207579612732, 1.4271833896636963, 1.4174765348434448, 1.4081329107284546, 1.3991687297821045, 1.3905370235443115, 1.3822541236877441, 1.3742789030075073, 1.3665987253189087, 1.3591824769973755, 1.352010726928711, 1.3450665473937988, 1.3383419513702393, 1.3318016529083252, 1.3254358768463135, 1.3192105293273926, 1.313144564628601, 1.3071988821029663, 1.3013818264007568, 1.2957097291946411, 1.2901318073272705, 1.2846599817276, 1.279296875, 1.2740148305892944, 1.2688096761703491, 1.2636936902999878, 1.2586495876312256, 1.2536709308624268, 1.2487449645996094, 1.2438960075378418, 1.2391300201416016, 1.2344096899032593, 1.2297621965408325, 1.2251685857772827, 1.2206473350524902, 1.216196060180664, 1.2117890119552612, 1.2074674367904663, 1.2032067775726318, 1.199005365371704, 1.194875717163086, 1.1908113956451416, 1.1868155002593994, 1.182882308959961, 1.1790049076080322, 1.1752063035964966, 1.1714842319488525, 1.167814016342163, 1.164204478263855, 1.160671591758728, 1.1572084426879883, 1.1538044214248657, 1.1504616737365723, 1.1471863985061646, 1.1439820528030396, 1.140830636024475, 1.1377379894256592, 1.1347010135650635, 1.1317052841186523, 1.1287908554077148, 1.1259251832962036, 1.1231083869934082, 1.1203670501708984, 1.1176459789276123, 1.1149790287017822, 1.112335443496704, 1.1097767353057861, 1.1072356700897217, 1.1047375202178955, 1.102299451828003, 1.0999187231063843, 1.097591519355774, 1.095307469367981, 1.093061923980713, 1.09086012840271, 1.0887150764465332, 1.0866025686264038, 1.0845335721969604, 1.0824768543243408, 1.080460548400879, 1.0785067081451416],
  'generator_loss': [0.20919571816921234, 0.21451149880886078, 0.21621660888195038, 0.21277166903018951, 0.20653213560581207, 0.20543983578681946, 0.20527057349681854, 0.204757422208786, 0.20325779914855957, 0.20196667313575745, 0.20055937767028809, 0.2005893588066101, 0.20058901607990265, 0.20024260878562927, 0.20020100474357605, 0.20000916719436646, 0.19987313449382782, 0.19975325465202332, 0.1996939778327942, 0.1996939778327942, 0.1996939778327942, 0.1996939778327942, 0.1996939778327942, 0.1996939778327942, 0.1996939778327942, 0.1996939778327942, 0.1996939778327942, 0.1996939778327942, 0.1996939778327942, 0.1996939778327942, 0.1996939778327942, 0.1996939778327942, 0.1996939778327942, 0.1996939778327942, 0.1996939778327942, 0.1996939778327942, 0.1996939778327942, 0.1996939778327942, 0.1996939778327942, 0.1996939778327942, 0.1996939778327942, 0.1996939778327942, 0.1996939778327942, 0.1996939778327942, 0.1996939778327942, 0.1996939778327942, 0.1996939778327942, 0.1996939778327942, 0.1996939778327942, 0.1996939778327942, 0.1996939778327942, 0.1996939778327942, 0.1996939778327942, 0.1996939778327942, 0.1996939778327942, 0.1996939778327942, 0.1996939778327942, 0.1996939778327942, 0.1996939778327942, 0.1996939778327942, 0.1996939778327942, 0.1996939778327942, 0.1996939778327942, 0.1996939778327942, 0.1996939778327942, 0.1996939778327942, 0.1996939778327942, 0.1996939778327942, 0.1996939778327942, 0.1996939778327942, 0.1996939778327942, 0.1996939778327942, 0.1996939778327942, 0.1996939778327942, 0.1996939778327942, 0.1996939778327942, 0.1996939778327942, 0.1996939778327942, 0.1996939778327942, 0.1996939778327942, 0.1996939778327942, 0.1996939778327942, 0.1996939778327942, 0.1996939778327942, 0.1996939778327942, 0.1996939778327942, 0.1996939778327942, 0.1996939778327942, 0.1996939778327942, 0.1996939778327942, 0.1996939778327942, 0.1996939778327942, 0.1996939778327942, 0.1996939778327942, 0.1996939778327942, 0.1996939778327942, 0.1996939778327942, 0.1996939778327942, 0.1996939778327942, 0.1996939778327942],
  'val_accuracy': [0.406, 0.506, 0.508, 0.541, 0.575, 0.614, 0.638, 0.653, 0.665, 0.675, 0.682, 0.689, 0.694, 0.698, 0.701, 0.704, 0.707, 0.710, 0.713, 0.714, 0.716, 0.717, 0.719, 0.720, 0.721, 0.723, 0.724, 0.725, 0.726, 0.727, 0.728, 0.729, 0.730, 0.731, 0.732, 0.732, 0.733, 0.734, 0.734, 0.735, 0.735, 0.736, 0.736, 0.737, 0.737, 0.737, 0.738, 0.738, 0.738, 0.739, 0.739, 0.740, 0.740, 0.740, 0.741, 0.741, 0.741, 0.741, 0.742, 0.742, 0.742, 0.742, 0.742, 0.743, 0.743, 0.743, 0.743, 0.743, 0.744, 0.744, 0.744, 0.744, 0.744, 0.744, 0.744, 0.744, 0.745, 0.745, 0.745, 0.745, 0.745, 0.745, 0.745, 0.745, 0.745, 0.745, 0.746, 0.746, 0.746, 0.746, 0.746, 0.746, 0.746, 0.746, 0.746, 0.747, 0.747, 0.747, 0.747, 0.747]
}

Test
{'accuracy': 0.774}
```

# Test 2
self.g_optimizer = tf.keras.optimizers.Adam(0)
total_G_loss = + 1e-4 * regularization_loss

### 100 epochs
```
Train/Val
{
  'accuracy': [0.498, 0.5843921303749084, 0.5981777906417847, 0.6092601418495178, 0.6144418120384216, 0.6160627603530884, 0.6189855933189392, 0.620784342288971, 0.6220993399620056, 0.6233307123184204, 0.6249620914459229, 0.626535952091217, 0.6280130743980408, 0.6295398473739624, 0.6312000155448914, 0.6328784227371216, 0.6349150538444519, 0.6367816925048828, 0.6386509537696838, 0.6403999924659729, 0.6425098180770874, 0.6440235376358032, 0.6460549235343933, 0.648007869720459, 0.6497254967689514, 0.6516183018684387, 0.6537804007530212, 0.6555947661399841, 0.6572574973106384, 0.658891499042511, 0.6608706116676331, 0.6624993681907654, 0.6645830273628235, 0.667009174823761, 0.6689071655273438, 0.6707267761230469, 0.6723999977111816, 0.6738823652267456, 0.6753960847854614, 0.6767921447753906, 0.6783398985862732, 0.6797960996627808, 0.6810562014579773, 0.682183027267456, 0.6835346221923828, 0.6848104596138, 0.6861097812652588, 0.6875346302986145, 0.6885751485824585, 0.6895477175712585, 0.690666675567627, 0.6917333602905273, 0.692818284034729, 0.6938117742538452, 0.694794774055481, 0.695785641670227, 0.6967921853065491, 0.6977071762084961, 0.6985516548156738, 0.6993202567100525, 0.7001699209213257, 0.7007764577865601, 0.7016392350196838, 0.7022326588630676, 0.7028313875198364, 0.7032470703125, 0.7034222483634949, 0.703495442867279, 0.7033568620681763, 0.7036888599395752, 0.7039555311203003, 0.7042745351791382, 0.7045568823814392, 0.704886257648468, 0.7052967548370361, 0.7056705951690674, 0.7059189677238464, 0.7061594724655151, 0.7065385580062866, 0.7069202661514282, 0.7072601318359375, 0.7075215578079224, 0.7078457474708557, 0.7082222104072571, 0.7086195945739746, 0.7091006636619568, 0.7096025943756104, 0.7099790573120117, 0.7104653716087341, 0.710779070854187, 0.7110353112220764, 0.7112941145896912, 0.7115843296051025, 0.7118823528289795, 0.7120888829231262, 0.7123712301254272, 0.7126117944717407, 0.7128183245658875, 0.7131608128547668, 0.7132810354232788],
  'discriminator_loss': [0.5074465274810791, 0.5050367116928101, 0.5047305822372437, 0.5226810574531555, 0.5299112200737, 0.5234885215759277, 0.5099270343780518, 0.5050977468490601, 0.5093768239021301, 0.5090464949607849, 0.5087471008300781, 0.5087143778800964, 0.5080747008323669, 0.5174559950828552, 0.5172472596168518, 0.5166195631027222, 0.5141462683677673, 0.5135514140129089, 0.5115537643432617, 0.5460537075996399, 0.5650840401649475, 0.5644716024398804, 0.5635904669761658, 0.5633423924446106, 0.5625810623168945, 0.5618470311164856, 0.5199206471443176, 0.5153279900550842, 0.5149703025817871, 0.5147160887718201, 0.5145173668861389, 0.5146893858909607, 0.5146893858909607, 0.5134623050689697, 0.5334095358848572, 0.545004665851593, 0.5440006852149963, 0.5436984300613403, 0.5436651706695557, 0.5433059930801392, 0.5430997610092163, 0.5427874326705933, 0.5427486300468445, 0.5428208112716675, 0.5429062843322754, 0.5426721572875977, 0.5426522493362427, 0.5422164797782898, 0.5304316282272339, 0.5130783319473267, 0.5203242897987366, 0.5204238295555115, 0.5204298496246338, 0.5206883549690247, 0.5013778209686279, 0.4964626133441925, 0.5136981010437012, 0.5166833996772766, 0.5166833996772766, 0.5166402459144592, 0.5164488554000854, 0.5161687731742859, 0.5159198045730591, 0.5087250471115112, 0.5066152215003967, 0.5073312520980835, 0.5077489018440247, 0.508156418800354, 0.5082058906555176, 0.5519516468048096, 0.5743502974510193, 0.5732071995735168, 0.5362643599510193, 0.5361172556877136, 0.5350598096847534, 0.5048921704292297, 0.5055191516876221, 0.5066980123519897, 0.5203703045845032, 0.5352410078048706, 0.5511163473129272, 0.5465176105499268, 0.5455977320671082, 0.5284518599510193, 0.5002272725105286, 0.5066172480583191, 0.5195294618606567, 0.5269030928611755, 0.5268155336380005, 0.5267009139060974, 0.526560366153717, 0.5264687538146973, 0.5212007761001587, 0.4988802969455719, 0.49919670820236206, 0.49896571040153503, 0.49873802065849304, 0.5052123665809631, 0.5127614140510559, 0.5135606527328491],
  'classifier_loss': [1.8724483251571655, 1.68439781665802, 1.7083457708358765, 1.6869184970855713, 1.662115216255188, 1.6394898891448975, 1.6195498704910278, 1.6020317077636719, 1.586552619934082, 1.5727256536483765, 1.560231328010559, 1.5487972497940063, 1.5382449626922607, 1.528374195098877, 1.5190632343292236, 1.5101934671401978, 1.5016573667526245, 1.4934191703796387, 1.4854170083999634, 1.4776092767715454, 1.4699889421463013, 1.4624913930892944, 1.4551537036895752, 1.44795560836792, 1.4409104585647583, 1.4340237379074097, 1.427299976348877, 1.42073392868042, 1.4143612384796143, 1.4081405401229858, 1.4020997285842896, 1.396205186843872, 1.3904751539230347, 1.3848975896835327, 1.3794502019882202, 1.374145269393921, 1.3689451217651367, 1.363847017288208, 1.3588640689849854, 1.3539878129959106, 1.349198818206787, 1.3445137739181519, 1.3399021625518799, 1.3353662490844727, 1.3308916091918945, 1.3264631032943726, 1.322076439857483, 1.317751169204712, 1.3134366273880005, 1.3091555833816528, 1.3049019575119019, 1.300640344619751, 1.2963480949401855, 1.2920069694519043, 1.2876003980636597, 1.2831037044525146, 1.278498649597168, 1.2737486362457275, 1.2688242197036743, 1.2636970281600952, 1.258381724357605, 1.2529324293136597, 1.2473851442337036, 1.2418687343597412, 1.2364870309829712, 1.2313774824142456, 1.2266228199005127, 1.2222132682800293, 1.2181363105773926, 1.2143512964248657, 1.2108181715011597, 1.2074412107467651, 1.2042341232299805, 1.2011518478393555, 1.198164701461792, 1.1952290534973145, 1.1923444271087646, 1.1895393133163452, 1.1867778301239014, 1.1840579509735107, 1.1813784837722778, 1.1787434816360474, 1.1761504411697388, 1.173580527305603, 1.1710418462753296, 1.1685272455215454, 1.166056752204895, 1.1635949611663818, 1.161164402961731, 1.158747673034668, 1.156353235244751, 1.1539517641067505, 1.1515977382659912, 1.1492817401885986, 1.1469825506210327, 1.1447194814682007, 1.1424670219421387, 1.140262246131897, 1.1380746364593506, 1.1359187364578247],
  'generator_loss': [0.2076548933982849, 0.2085612714290619, 0.2104594111442566, 0.20092631876468658, 0.19438137114048004, 0.19813594222068787, 0.21227283775806427, 0.2171420007944107, 0.21643780171871185, 0.21645501255989075, 0.21625562012195587, 0.21587933599948883, 0.21546649932861328, 0.21199938654899597, 0.2123168259859085, 0.2120150327682495, 0.21138256788253784, 0.2109798938035965, 0.2105369120836258, 0.19490724802017212, 0.1869371384382248, 0.18670469522476196, 0.18683192133903503, 0.18672434985637665, 0.1865607351064682, 0.18619509041309357, 0.2064022570848465, 0.20842306315898895, 0.2075432389974594, 0.20667126774787903, 0.20602646470069885, 0.2061437964439392, 0.20614373683929443, 0.20703314244747162, 0.1989799439907074, 0.19056379795074463, 0.1908717006444931, 0.19111274182796478, 0.1910589635372162, 0.1908259093761444, 0.190743550658226, 0.19049738347530365, 0.19038480520248413, 0.19044336676597595, 0.19038674235343933, 0.1902383267879486, 0.19021055102348328, 0.18960173428058624, 0.1957840621471405, 0.2105899602174759, 0.21106697618961334, 0.21120305359363556, 0.21099191904067993, 0.2100096344947815, 0.21637573838233948, 0.21829195320606232, 0.21037153899669647, 0.20861868560314178, 0.20861868560314178, 0.20858943462371826, 0.20834606885910034, 0.20823319256305695, 0.2080489993095398, 0.20699842274188995, 0.20871999859809875, 0.21070510149002075, 0.21128199994564056, 0.21089503169059753, 0.21127282083034515, 0.198236882686615, 0.19427455961704254, 0.1942604035139084, 0.2189665585756302, 0.21810893714427948, 0.21758116781711578, 0.20884785056114197, 0.20812007784843445, 0.20975366234779358, 0.20314852893352509, 0.2018405944108963, 0.20308634638786316, 0.20484097301959991, 0.2055046409368515, 0.20992206037044525, 0.21287241578102112, 0.20698608458042145, 0.20518255233764648, 0.20478036999702454, 0.2047705352306366, 0.2047562450170517, 0.20446765422821045, 0.20437949895858765, 0.21310444176197052, 0.21676896512508392, 0.21584998071193695, 0.21576856076717377, 0.2152833640575409, 0.2099383920431137, 0.2071925699710846, 0.20788173377513885],
  'imputation_loss': [0.0024129031226038933, 0.0024129031226038933, 0.0024129031226038933, 0.0024129031226038933, 0.0024129031226038933, 0.0024129031226038933, 0.0024129031226038933, 0.0024129031226038933, 0.0024129031226038933, 0.0024129031226038933, 0.0024129031226038933, 0.0024129031226038933, 0.0024129031226038933, 0.0024129031226038933, 0.0024129031226038933, 0.0024129031226038933, 0.0024129031226038933, 0.0024129031226038933, 0.0024129031226038933, 0.0024129031226038933, 0.0024129031226038933, 0.0024129031226038933, 0.0024129031226038933, 0.0024129031226038933, 0.0024129031226038933, 0.0024129031226038933, 0.0024129031226038933, 0.0024129031226038933, 0.0024129031226038933, 0.0024129031226038933, 0.0024129031226038933, 0.0024129031226038933, 0.0024129031226038933, 0.0024129031226038933, 0.0024129031226038933, 0.0024129031226038933, 0.0024129031226038933, 0.0024129031226038933, 0.0024129031226038933, 0.0024129031226038933, 0.0024129031226038933, 0.0024129031226038933, 0.0024129031226038933, 0.0024129031226038933, 0.0024129031226038933, 0.0024129031226038933, 0.0024129031226038933, 0.0024129031226038933, 0.0024129031226038933, 0.0024129031226038933, 0.0024129031226038933, 0.0024129031226038933, 0.0024129031226038933, 0.0024129031226038933, 0.0024129031226038933, 0.0024129031226038933, 0.0024129031226038933, 0.0024129031226038933, 0.0024129031226038933, 0.0024129031226038933, 0.0024129031226038933, 0.0024129031226038933, 0.0024129031226038933, 0.0024129031226038933, 0.0024129031226038933, 0.0024129031226038933, 0.0024129031226038933, 0.0024129031226038933, 0.0024129031226038933, 0.0024129031226038933, 0.0024129031226038933, 0.0024129031226038933, 0.0024129031226038933, 0.0024129031226038933, 0.0024129031226038933, 0.0024129031226038933, 0.0024129031226038933, 0.0024129031226038933, 0.0024129031226038933, 0.0024129031226038933, 0.0024129031226038933, 0.0024129031226038933, 0.0024129031226038933, 0.0024129031226038933, 0.0024129031226038933, 0.0024129031226038933, 0.0024129031226038933, 0.0024129031226038933, 0.0024129031226038933, 0.0024129031226038933, 0.0024129031226038933, 0.0024129031226038933, 0.0024129031226038933, 0.0024129031226038933, 0.0024129031226038933, 0.0024129031226038933, 0.0024129031226038933, 0.0024129031226038933, 0.0024129031226038933, 0.0024129031226038933],
  'regularization_loss': [71.26187133789062, 71.26187133789062, 71.26187133789062, 71.26187133789062, 71.26187133789062, 71.26187133789062, 71.26187133789062, 71.26187133789062, 71.26187133789062, 71.26187133789062, 71.26187133789062, 71.26187133789062, 71.26187133789062, 71.26187133789062, 71.26187133789062, 71.26187133789062, 71.26187133789062, 71.26187133789062, 71.26187133789062, 71.26187133789062, 71.26187133789062, 71.26187133789062, 71.26187133789062, 71.26187133789062, 71.26187133789062, 71.26187133789062, 71.26187133789062, 71.26187133789062, 71.26187133789062, 71.26187133789062, 71.26187133789062, 71.26187133789062, 71.26187133789062, 71.26187133789062, 71.26187133789062, 71.26187133789062, 71.26187133789062, 71.26187133789062, 71.26187133789062, 71.26187133789062, 71.26187133789062, 71.26187133789062, 71.26187133789062, 71.26187133789062, 71.26187133789062, 71.26187133789062, 71.26187133789062, 71.26187133789062, 71.26187133789062, 71.26187133789062, 71.26187133789062, 71.26187133789062, 71.26187133789062, 71.26187133789062, 71.26187133789062, 71.26187133789062, 71.26187133789062, 71.26187133789062, 71.26187133789062, 71.26187133789062, 71.26187133789062, 71.26187133789062, 71.26187133789062, 71.26187133789062, 71.26187133789062, 71.26187133789062, 71.26187133789062, 71.26187133789062, 71.26187133789062, 71.26187133789062, 71.26187133789062, 71.26187133789062, 71.26187133789062, 71.26187133789062, 71.26187133789062, 71.26187133789062, 71.26187133789062, 71.26187133789062, 71.26187133789062, 71.26187133789062, 71.26187133789062, 71.26187133789062, 71.26187133789062, 71.26187133789062, 71.26187133789062, 71.26187133789062, 71.26187133789062, 71.26187133789062, 71.26187133789062, 71.26187133789062, 71.26187133789062, 71.26187133789062, 71.26187133789062, 71.26187133789062, 71.26187133789062, 71.26187133789062, 71.26187133789062, 71.26187133789062, 71.26187133789062, 71.26187133789062],
  'val_accuracy': [0.291, 0.319, 0.344, 0.346, 0.347, 0.348, 0.350, 0.350, 0.351, 0.374, 0.374, 0.375, 0.375, 0.376, 0.377, 0.380, 0.385, 0.388, 0.390, 0.391, 0.393, 0.399, 0.407, 0.420, 0.437, 0.457, 0.477, 0.497, 0.515, 0.531, 0.547, 0.559, 0.570, 0.580, 0.589, 0.595, 0.602, 0.608, 0.613, 0.617, 0.621, 0.624, 0.627, 0.630, 0.633, 0.636, 0.639, 0.643, 0.647, 0.650, 0.654, 0.657, 0.661, 0.666, 0.670, 0.674, 0.678, 0.682, 0.686, 0.690, 0.694, 0.698, 0.702, 0.706, 0.710, 0.714, 0.718, 0.723, 0.727, 0.732, 0.736, 0.740, 0.744, 0.747, 0.750, 0.754, 0.757, 0.759, 0.762, 0.764, 0.766, 0.767, 0.769, 0.771, 0.773, 0.774, 0.776, 0.777, 0.779, 0.780, 0.781, 0.782, 0.783, 0.784, 0.785, 0.786, 0.787, 0.788, 0.789, 0.789]
}

Test
{'accuracy': 0.7743943333625793}
```

